10001100000001000010000000000100
10001100000001010010000000001000
00001100000000000000000000000111
00000000011000001000000000100000
00111000011100010000000000000110
00111000011100100000000000000111
00001000000000000000000000011101
10001100000011110010000000001100
10001100000011100010000000000000
10001100000011010010000000010000
00000011101011111110100000100000
10101111101111110000000000001000
10101111101001000000000000000100
10101111101001010000000000000000
00000000000011100101100000100000
00000000101000000100100000100000
00000000011000000001100000100000
00001100000000000000000000010111
10001111101111110000000000001000
10001111101001000000000000000100
10001111101001010000000000000000
00000011101011011110100000100000
00000011111000000000000000001000
00000000011001000001100000100000
00000001001010110100100000100010
00000001001010110101000000101010
00010101010000000000000000000001
00001000000000000000000000010111
00000011111000000000000000001000
00001000000000000000000000011101
